"Female_Baronin Auguste Wolf_3" "Female_Gräfin Franziska Andlau_1" "Female_Gräfin Franziska Andlau_2" "Female_Gräfin Franziska Andlau_3" "Female_Gräfin Julie Neuberg_2" "Female_Gräfin Julie Neuberg_3" "Female_Gräfin Platen_3" "Male_Baron Rathhausen_3" "Male_Graf Ahlfeld_3" "Male_Graf Sigmund Andlau_1" "Male_Graf Sigmund Andlau_2" "Male_Graf Sigmund Andlau_3"
"ich" 4.35897435897436 4.12844036697248 5 7.36 2.25563909774436 1.44508670520231 2.53521126760563 2.91970802919708 7.14285714285714 2.73972602739726 7.05882352941176 1.36054421768707
"sie" 2.82051282051282 1.60550458715596 3 2.88 6.01503759398496 6.35838150289017 3.66197183098592 5.10948905109489 0 1.64383561643836 4.70588235294118 2.04081632653061
"die" 3.84615384615385 0.917431192660551 3 1.6 4.51127819548872 2.3121387283237 3.66197183098592 2.18978102189781 2.38095238095238 4.10958904109589 3.52941176470588 1.36054421768707
"nicht" 2.05128205128205 2.75229357798165 3 2.08 3.00751879699248 2.60115606936416 1.69014084507042 0.72992700729927 0 1.64383561643836 0 2.04081632653061
"und" 1.79487179487179 2.29357798165138 3 0.8 3.00751879699248 1.44508670520231 1.12676056338028 0.72992700729927 2.38095238095238 1.64383561643836 3.52941176470588 0
"das" 1.79487179487179 0.917431192660551 1.5 2.24 0.75187969924812 1.73410404624277 0.845070422535211 2.91970802919708 1.19047619047619 1.91780821917808 0 0.680272108843537
"du" 1.79487179487179 2.06422018348624 0.5 1.6 0.75187969924812 1.44508670520231 0.28169014084507 2.18978102189781 1.19047619047619 2.19178082191781 1.17647058823529 1.36054421768707
"zu" 0.769230769230769 1.37614678899083 1 0.8 0 2.89017341040462 2.53521126760563 0.72992700729927 1.19047619047619 0.273972602739726 2.35294117647059 3.40136054421769
"ist" 1.53846153846154 0.917431192660551 1 1.12 3.00751879699248 1.44508670520231 1.12676056338028 1.45985401459854 0 0.821917808219178 1.17647058823529 1.36054421768707
"mich" 0.256410256410256 2.75229357798165 1.5 1.6 0 1.15606936416185 0.845070422535211 0.72992700729927 0 0.547945205479452 0 0
"was" 2.05128205128205 0.688073394495413 0.5 1.12 0.75187969924812 0.578034682080925 0.845070422535211 0.72992700729927 2.38095238095238 0.547945205479452 1.17647058823529 0.680272108843537
"es" 1.28205128205128 0.688073394495413 2.5 0.64 0.75187969924812 0.867052023121387 1.40845070422535 0.72992700729927 0 0.273972602739726 2.35294117647059 0.680272108843537
"mir" 0.512820512820513 1.60550458715596 1 0.96 0 0.289017341040462 1.69014084507042 1.45985401459854 1.19047619047619 0.547945205479452 1.17647058823529 0.680272108843537
"wir" 0.512820512820513 0 2 0.48 4.51127819548872 1.73410404624277 0.28169014084507 0.72992700729927 1.19047619047619 0.547945205479452 0 2.04081632653061
"so" 1.02564102564103 1.37614678899083 0.5 0.64 0 0.289017341040462 1.12676056338028 1.45985401459854 0 0.821917808219178 1.17647058823529 1.36054421768707
"in" 0.769230769230769 0.917431192660551 1 0.16 0.75187969924812 0.867052023121387 0.845070422535211 0.72992700729927 1.19047619047619 1.91780821917808 0 0.680272108843537
"der" 1.02564102564103 0.917431192660551 1.5 0.32 0 1.15606936416185 0.563380281690141 1.45985401459854 0 0.821917808219178 0 1.36054421768707
"eine" 0.512820512820513 0.688073394495413 0.5 0.96 2.25563909774436 1.15606936416185 0.563380281690141 0.72992700729927 0 0.821917808219178 0 0
"gräfin" 0.769230769230769 0.229357798165138 0 1.12 0 0.867052023121387 1.40845070422535 0.72992700729927 4.76190476190476 0 0 0
"s" 0.769230769230769 0.917431192660551 0 1.76 0.75187969924812 0.289017341040462 0 0 0 0.273972602739726 1.17647058823529 0.680272108843537
"mit" 0.769230769230769 0.229357798165138 1.5 0.8 0 0.578034682080925 0.28169014084507 1.45985401459854 1.19047619047619 0 2.35294117647059 1.36054421768707
"meine" 0.256410256410256 0.458715596330275 0.5 1.44 0 0 0.845070422535211 0.72992700729927 0 0 1.17647058823529 1.36054421768707
"sind" 0 0.458715596330275 0 0.64 0 0.867052023121387 0.845070422535211 2.18978102189781 0 1.0958904109589 0 0.680272108843537
"frau" 0.769230769230769 0.229357798165138 0.5 0.32 0 0.867052023121387 1.12676056338028 0.72992700729927 0 0 1.17647058823529 2.04081632653061
"wenn" 0.256410256410256 0.917431192660551 0.5 0.48 0 0.578034682080925 0.845070422535211 0.72992700729927 0 0.821917808219178 1.17647058823529 0
"den" 0 1.14678899082569 0 0.64 0 0.289017341040462 0 0.72992700729927 1.19047619047619 0.821917808219178 0 2.04081632653061
"ein" 0.512820512820513 0.229357798165138 1 0.48 0 0 1.12676056338028 0 1.19047619047619 1.0958904109589 0 0.680272108843537
"ja" 0.512820512820513 0.917431192660551 0.5 0.96 0 0.578034682080925 0.28169014084507 0 0 0.273972602739726 0 0.680272108843537
"ihr" 0.512820512820513 0 1 0.16 0.75187969924812 0.867052023121387 1.40845070422535 0.72992700729927 1.19047619047619 0 1.17647058823529 0
"von" 0.769230769230769 0.458715596330275 0 0.16 0.75187969924812 0.867052023121387 0.28169014084507 0.72992700729927 0 0.821917808219178 1.17647058823529 0.680272108843537
"wie" 0.256410256410256 0.688073394495413 0 0.8 0 0.289017341040462 1.40845070422535 0.72992700729927 0 0.273972602739726 0 0
"auch" 0 0.688073394495413 1 0.8 0 0.578034682080925 0.28169014084507 0 1.19047619047619 0.547945205479452 0 0
"daß" 0 1.14678899082569 0 0.64 0 0.289017341040462 1.40845070422535 0 0 0 0 0.680272108843537
"dich" 1.02564102564103 0.688073394495413 0 0.48 0 0 0 0 0 1.36986301369863 0 0.680272108843537
"doch" 0.512820512820513 0.458715596330275 0 0.64 0 0.289017341040462 1.12676056338028 0 0 0 0 2.04081632653061
"für" 1.02564102564103 0.229357798165138 0 0.64 0 0.289017341040462 1.12676056338028 0.72992700729927 0 0.273972602739726 0 0
"man" 0.256410256410256 0.917431192660551 0 0 2.25563909774436 0.867052023121387 1.12676056338028 0 0 0.273972602739726 0 0
"an" 0.769230769230769 0.229357798165138 0.5 0.32 0 0 0.28169014084507 0 1.19047619047619 1.36986301369863 1.17647058823529 0
"dir" 1.02564102564103 0.229357798165138 0 0.48 0.75187969924812 0 0 0.72992700729927 0 1.0958904109589 0 0.680272108843537
"um" 0.769230769230769 0 0.5 0 0 0.578034682080925 1.12676056338028 0.72992700729927 0 0.547945205479452 0 1.36054421768707
"einen" 0.512820512820513 0 0 0.32 0 0.289017341040462 0.28169014084507 1.45985401459854 0 0.821917808219178 0 2.04081632653061
"mein" 1.02564102564103 1.14678899082569 0 0.16 0.75187969924812 0.289017341040462 0 0 0 0.273972602739726 0 0.680272108843537
"nur" 0 0.688073394495413 1 0.32 0 0.289017341040462 0.28169014084507 0 0 0.821917808219178 1.17647058823529 0.680272108843537
"ihre" 0 0 0 0.48 0 0.867052023121387 1.69014084507042 0.72992700729927 0 0 0 0
"dash" 0 0.917431192660551 0 0 0 0 0 0 0 1.36986301369863 0 2.04081632653061
"franziska" 1.02564102564103 0 0 0 0 1.15606936416185 0 0 0 0.273972602739726 0 2.04081632653061
"als" 0 0 0 0.48 0 0.578034682080925 0.563380281690141 2.18978102189781 0 0 1.17647058823529 0
"hast" 0.512820512820513 0.458715596330275 0.5 0 0 0.578034682080925 0.28169014084507 1.45985401459854 0 0.273972602739726 0 0
"nichts" 0.512820512820513 0 0 0.48 0 0.289017341040462 0.28169014084507 1.45985401459854 1.19047619047619 0 1.17647058823529 0
"o" 0.512820512820513 0.229357798165138 0 0.8 0 0 0 0.72992700729927 0 0.273972602739726 1.17647058823529 0
"sagen" 0 0 0.5 0.64 0.75187969924812 0.289017341040462 0.28169014084507 1.45985401459854 0 0 1.17647058823529 0
"sein" 0.256410256410256 0 0.5 0.64 0 0.289017341040462 0.28169014084507 0 0 0.821917808219178 0 0
"werden" 0.769230769230769 0.229357798165138 0 0.16 0 0.578034682080925 0.28169014084507 0 0 0.547945205479452 1.17647058823529 0
"bei" 0.256410256410256 0.458715596330275 0.5 0.32 0 0.289017341040462 0.28169014084507 0 0 0.547945205479452 0 0
"bin" 0.256410256410256 0.229357798165138 1 0.48 0 0 0.28169014084507 0 0 0.273972602739726 1.17647058823529 0
"habe" 0.256410256410256 0.458715596330275 0 0.8 0 0 0.28169014084507 0 0 0 1.17647058823529 0
"noch" 0.512820512820513 0.458715596330275 0 0.16 0 0.289017341040462 0.28169014084507 0.72992700729927 1.19047619047619 0.273972602739726 0 0
"ahlfeld" 0 0.458715596330275 0.5 0.16 1.50375939849624 0.289017341040462 0 0 0 0.273972602739726 1.17647058823529 0
"alle" 0 0.917431192660551 0 0.16 0.75187969924812 0.578034682080925 0 0 0 0.273972602739726 0 0
"da" 0.256410256410256 0.458715596330275 0 0.16 0 0.289017341040462 0 0 1.19047619047619 0.547945205479452 0 0.680272108843537
"nach" 0.512820512820513 0.458715596330275 0 0.16 0 0.289017341040462 0 0 0 0.547945205479452 0 0.680272108843537
"schon" 0 0.229357798165138 0 0.32 0.75187969924812 0 0.28169014084507 0 0 0.547945205479452 2.35294117647059 0
"wohl" 0.512820512820513 0.229357798165138 0.5 0 0 0 0.845070422535211 0.72992700729927 0 0 0 0.680272108843537
"aber" 0.512820512820513 0.229357798165138 0.5 0.16 0 0.578034682080925 0 0 0 0.273972602739726 0 0
"auf" 0 0.458715596330275 0 0 0.75187969924812 0.289017341040462 0.563380281690141 0 2.38095238095238 0 0 0
"baron" 0.512820512820513 0 0 0.8 0.75187969924812 0 0 0 0 0 0 0
"berg" 0.256410256410256 0.229357798165138 0 0.32 0 0.289017341040462 0.845070422535211 0 0 0 0 0
"einer" 0.512820512820513 0.229357798165138 0.5 0 0 0.289017341040462 0.28169014084507 0 0 0.273972602739726 1.17647058823529 0
"ihnen" 0.256410256410256 0 0 0.16 0.75187969924812 0.289017341040462 0.28169014084507 0 2.38095238095238 0 0 0.680272108843537
"kanzlerin" 0.769230769230769 0 0 0.32 0 0.867052023121387 0 0 0 0 0 0
"liebe" 0 0.458715596330275 0.5 0.32 0 0.578034682080925 0.28169014084507 0 0 0 0 0
"lüge" 0 0.458715596330275 0 0.64 0 0 0 0 1.19047619047619 0.273972602739726 0 0
"menschen" 0 0.688073394495413 0 0.48 0 0 0.28169014084507 0 0 0 1.17647058823529 0
"muß" 0 0.229357798165138 0.5 0.32 0.75187969924812 0.289017341040462 0 0 1.19047619047619 0 0 0.680272108843537
"numero" 0 0 0 0.32 0 0 0 0 0 0 0 4.08163265306122
"sehr" 0.512820512820513 0.229357798165138 0 0.48 0 0 0.28169014084507 0 0 0 0 0.680272108843537
"soll" 0.256410256410256 0 0 0.8 0 0.289017341040462 0 0 0 0.273972602739726 0 0
"vor" 0.769230769230769 0.458715596330275 0 0.16 0 0 0 0.72992700729927 1.19047619047619 0 0 0
"war" 0.256410256410256 0 0 0.64 0 0.578034682080925 0.28169014084507 0 0 0 0 0
"andlau" 0.256410256410256 0.458715596330275 0 0.16 0 0 0.28169014084507 0 0 0.273972602739726 0 0.680272108843537
"auguste" 0 0.229357798165138 1.5 0.32 0 0 0.28169014084507 0 0 0 0 0
"dem" 0.256410256410256 0.458715596330275 0 0 0.75187969924812 0 0 0 1.19047619047619 0.273972602739726 1.17647058823529 0
"denn" 0 0.458715596330275 0 0 0 0.867052023121387 0.563380281690141 0 0 0 0 0
"freunde" 0 0.458715596330275 0 0.32 0 0.289017341040462 0 0 0 0.547945205479452 0 0
"hat" 0 0.458715596330275 0.5 0.16 0.75187969924812 0 0 0 0 0.273972602739726 0 0.680272108843537
"im" 0.256410256410256 0.229357798165138 0 0.48 0 0.289017341040462 0 0.72992700729927 0 0 0 0
"kreuz" 0.512820512820513 0 0 0.32 0 0.289017341040462 0.563380281690141 0 0 0 0 0
"nun" 0.256410256410256 0 1 0.16 0 0 0 0 0 0.547945205479452 1.17647058823529 0
"recht" 0.256410256410256 0.229357798165138 0 0.48 0 0.289017341040462 0.28169014084507 0 0 0 0 0
"sich" 0.256410256410256 0.458715596330275 0.5 0.16 0 0.289017341040462 0.28169014084507 0 0 0 0 0
"uns" 0 0 0 0.16 0 0.578034682080925 0.28169014084507 0.72992700729927 1.19047619047619 0 0 0.680272108843537
"welche" 0 0.458715596330275 0 0.32 0 0.289017341040462 0.28169014084507 0 1.19047619047619 0 0 0
"abgereist" 0.256410256410256 0 0 0.16 0 0.289017341040462 0.28169014084507 0.72992700729927 0 0 0 0.680272108843537
"aus" 0 0 0.5 0 0.75187969924812 0.289017341040462 0 0 1.19047619047619 0.273972602739726 1.17647058823529 0
"drei" 0.769230769230769 0 0 0 0.75187969924812 0 0 0 0 0.273972602739726 0 0.680272108843537
"er" 0 0.458715596330275 0.5 0 0.75187969924812 0 0 0 0 0.273972602739726 1.17647058823529 0
"fort" 0 0.229357798165138 0.5 0.32 0 0.289017341040462 0 0 0 0 0 0.680272108843537
"gut" 0 0.229357798165138 0.5 0.16 0 0 0.845070422535211 0 0 0 0 0
"hab" 0.256410256410256 0 0 0.64 0 0 0 0 0 0 0 0.680272108843537
"hier" 0.256410256410256 0.229357798165138 0 0.16 0.75187969924812 0 0 0 0 0.547945205479452 0 0
"immer" 0.256410256410256 0.458715596330275 0 0.16 0 0 0 0 0 0.273972602739726 1.17647058823529 0
"liebste" 0.256410256410256 0 0.5 0.64 0 0 0 0 0 0 0 0
"möglich" 0 0 0 0.32 0 0.289017341040462 0.563380281690141 0 0 0.273972602739726 0 0
"sträuße" 0 0.229357798165138 0 0.32 0 0 0 0 1.19047619047619 0.547945205479452 0 0
"wäre" 0.256410256410256 0 0 0.16 0.75187969924812 0.578034682080925 0.28169014084507 0 0 0 0 0
"weiß" 0.256410256410256 0 0 0.64 0 0 0.28169014084507 0 0 0 0 0
"will" 0.256410256410256 0 0 0.32 0 0 0.28169014084507 0 1.19047619047619 0.273972602739726 0 0
"wird" 0.256410256410256 0.229357798165138 0 0.16 0 0.289017341040462 0.563380281690141 0 0 0 0 0
"also" 0 0.458715596330275 0 0 0.75187969924812 0.578034682080925 0 0 0 0 0 0
"andere" 0 0 0 0.16 0.75187969924812 0.289017341040462 0.28169014084507 0 1.19047619047619 0 0 0
"anderen" 0.256410256410256 0.229357798165138 0 0.16 0 0 0.28169014084507 0 0 0.273972602739726 0 0
"bitte" 0.769230769230769 0 0 0 0 0 0.28169014084507 0 0 0.273972602739726 0 0
"deine" 0.256410256410256 0 0 0 0.75187969924812 0.289017341040462 0 0 0 0.547945205479452 0 0
"des" 0.512820512820513 0 0.5 0 0 0 0.28169014084507 0 0 0.273972602739726 0 0
"dieser" 0 0.229357798165138 0 0.32 0 0 0 0.72992700729927 0 0.273972602739726 0 0
"ei" 0.512820512820513 0 0 0.16 0 0 0.563380281690141 0 0 0 0 0
"einem" 0 0.229357798165138 0.5 0 0 0.289017341040462 0 0.72992700729927 0 0.273972602739726 0 0
"freilich" 0 0.458715596330275 0 0.48 0 0 0 0 0 0 0 0
"freude" 0.256410256410256 0.229357798165138 0 0.32 0 0 0 0.72992700729927 0 0 0 0
"fünf" 0 0 0 0.16 0 0 0 0 2.38095238095238 0.273972602739726 0 0.680272108843537
"ganz" 0.256410256410256 0 0 0 0 0.289017341040462 0.28169014084507 0.72992700729927 0 0 0 0.680272108843537
"gesagt" 0 0 0.5 0 0.75187969924812 0 0.28169014084507 0 0 0.547945205479452 0 0
"gethan" 0.512820512820513 0.229357798165138 0 0.16 0 0.289017341040462 0 0 0 0 0 0
"haben" 0 0 0 0 0 0 0.28169014084507 0 1.19047619047619 0 1.17647058823529 1.36054421768707
"ihn" 0 0.229357798165138 0 0.16 0 0 0 0 1.19047619047619 0 1.17647058823529 0.680272108843537
"jetzt" 0 0 0 0.32 0 0.289017341040462 0.28169014084507 0 0 0.273972602739726 0 0
"julie" 0 0.229357798165138 0.5 0.16 0 0 0 0 1.19047619047619 0.273972602739726 0 0
"kann" 0 0 1 0.32 0 0.289017341040462 0 0 0 0 0 0
"kind" 0.256410256410256 0 0 0 0 0 0 0 0 0.821917808219178 0 0.680272108843537
"kleine" 0.256410256410256 0 0 0 0 0.289017341040462 0.563380281690141 0 0 0.273972602739726 0 0
"machen" 0.256410256410256 0 0.5 0 0.75187969924812 0.289017341040462 0 0.72992700729927 0 0 0 0
"mehr" 0 0 0 0.64 0 0 0.28169014084507 0 0 0 0 0
"meinung" 0.256410256410256 0 0 0.48 0 0 0 0.72992700729927 0 0 0 0
"nein" 0.256410256410256 0 0 0.48 0 0.289017341040462 0 0 0 0 0 0
"ohne" 0.256410256410256 0 0.5 0 0 0 0.563380281690141 0 0 0.273972602739726 0 0
"sagte" 0.256410256410256 0.458715596330275 0 0 0 0 0.563380281690141 0 0 0 0 0
"sigmund" 0 0.229357798165138 0.5 0.48 0 0 0 0 0 0 0 0
"unter" 0.256410256410256 0.458715596330275 0 0 0 0.578034682080925 0 0 0 0 0 0
"unwahr" 0.256410256410256 0 0 0.16 0 0.289017341040462 0 0.72992700729927 1.19047619047619 0 0 0
"veilchen" 0 0.688073394495413 0 0.16 0 0 0 0 0 0.273972602739726 0 0
"wahr" 0 0 0.5 0 0.75187969924812 0.867052023121387 0 0 0 0 0 0
"wahrheit" 0 0 0 0.32 0 0.289017341040462 0 0 0 0.547945205479452 0 0
"wieder" 0 0.229357798165138 0 0.16 0 0 0.28169014084507 0 0 0 1.17647058823529 0.680272108843537
"allein" 0 0 0 0.32 0 0 0.28169014084507 0 0 0.273972602739726 0 0
"allen" 0 0.229357798165138 0 0.16 0 0 0 0 0 0.273972602739726 0 0.680272108843537
"alles" 0 0.688073394495413 0 0 0 0 0 0 0 0.273972602739726 0 0
"baronin" 0 0 0 0 0 0.578034682080925 0 0.72992700729927 0 0 0 0.680272108843537
"bester" 0 0.229357798165138 0 0.48 0 0 0 0 0 0 0 0
"bilder" 0 0 0 0.32 1.50375939849624 0 0 0 0 0 0 0
"bist" 0.512820512820513 0.229357798165138 0 0 0 0 0 0.72992700729927 0 0 0 0
"dann" 0 0.229357798165138 0 0.16 0 0 0 0 0 0.547945205479452 0 0
"dazu" 0 0.458715596330275 0.5 0 0 0 0.28169014084507 0 0 0 0 0
"denen" 0 0.229357798165138 0.5 0.16 0 0.289017341040462 0 0 0 0 0 0
"diese" 0 0 0 0.16 0 0.289017341040462 0.563380281690141 0 0 0 0 0
"euch" 0 0 0.5 0.16 0 0 0 0.72992700729927 0 0.273972602739726 0 0
"excellenz" 0 0 0.5 0 0 0 0 0 0 0 0 2.04081632653061
"gegen" 0 0 0 0.48 0 0 0.28169014084507 0 0 0 0 0
"glück" 0 0 0 0.48 0 0 0.28169014084507 0 0 0 0 0
"guten" 0 0.229357798165138 0 0 0.75187969924812 0 0 0 0 0.547945205479452 0 0
"hätte" 0 0.458715596330275 0 0 0 0 0 0 0 0.547945205479452 0 0
"heißt" 0 0.458715596330275 0 0.32 0 0 0 0 0 0 0 0
"herz" 0.512820512820513 0.229357798165138 0 0 0 0 0 0 0 0.273972602739726 0 0
"heute" 0.256410256410256 0 0.5 0 0 0 0.28169014084507 0 0 0.273972602739726 0 0
"hören" 0.512820512820513 0.229357798165138 0 0 0 0 0 0 1.19047619047619 0 0 0
"ihrer" 0 0 0 0.16 0 0.289017341040462 0.28169014084507 0 0 0.273972602739726 0 0
"jedoch" 0 0 0.5 0.32 0 0 0.28169014084507 0 0 0 0 0
"kleinen" 0.256410256410256 0 0.5 0 0 0 0 0.72992700729927 0 0.273972602739726 0 0
"können" 0.256410256410256 0 0 0 0.75187969924812 0.578034682080925 0 0 0 0 0 0
"liebenswürdig" 0.256410256410256 0.229357798165138 0 0 0 0 0 0 0 0.273972602739726 0 0.680272108843537
"liebes" 0.256410256410256 0 0 0 0 0 0 0 0 0.547945205479452 0 0.680272108843537
"sagt" 0.256410256410256 0.229357798165138 0 0 0.75187969924812 0 0 0 0 0.273972602739726 0 0
"sehen" 0.256410256410256 0 0.5 0.32 0 0 0 0 0 0 0 0
"selbst" 0.256410256410256 0.458715596330275 0 0 0 0 0 0 0 0.273972602739726 0 0
"stadt" 0 0.229357798165138 0.5 0 0 0.289017341040462 0 0 0 0.273972602739726 0 0
"thut" 0 0.229357798165138 0 0.16 0 0 0.28169014084507 0 0 0.273972602739726 0 0
"über" 0 0.688073394495413 0 0 0 0 0 0 0 0.273972602739726 0 0
"unsere" 0 0 0 0.16 0 0 0.28169014084507 0 0 0.547945205479452 0 0
"warum" 0 0.458715596330275 0 0 0 0 0.28169014084507 0 1.19047619047619 0 0 0
"zufrieden" 0 0.229357798165138 0 0.32 0 0 0 0.72992700729927 0 0 0 0
"zum" 0 0 0.5 0 0 0 0 0 0 0.547945205479452 1.17647058823529 0
"alt" 0 0.229357798165138 0 0 0.75187969924812 0 0 0.72992700729927 0 0 0 0
"anklage" 0 0.458715596330275 0 0 0 0 0 0 0 0.273972602739726 0 0
"arme" 0 0 0 0.32 0 0 0 0 0 0.273972602739726 0 0
"ausgeschlossen" 0.512820512820513 0 0 0.16 0 0 0 0 0 0 0 0
"bringen" 0 0 0.5 0 0.75187969924812 0.289017341040462 0 0 0 0 0 0
"damen" 0 0 0 0 0.75187969924812 0 0 1.45985401459854 0 0 0 0
"darf" 0 0 0 0.16 0 0 0.28169014084507 0.72992700729927 0 0 0 0
"diesem" 0 0 0 0 0 0.289017341040462 0 0 1.19047619047619 0.273972602739726 0 0
"eben" 0.256410256410256 0 0 0 0 0 0 0.72992700729927 0 0 1.17647058823529 0
"ehre" 0 0 0 0.16 0 0.289017341040462 0 0 0 0 0 0.680272108843537
"eigentlich" 0 0.229357798165138 0 0 0 0 0.28169014084507 0 0 0.273972602739726 0 0
"eins" 0 0 0 0 0 0 0 0 0 0.547945205479452 0 0.680272108843537
"erst" 0 0.229357798165138 0 0.16 0 0 0 0 0 0.273972602739726 0 0
"freundin" 0 0 0.5 0.32 0 0 0 0 0 0 0 0
"ganze" 0 0 0.5 0 0 0 0 0 0 0.547945205479452 0 0
"ganzen" 0.256410256410256 0 0 0.16 0 0 0 0.72992700729927 0 0 0 0
"gar" 0 0 0.5 0.16 0 0.289017341040462 0 0 0 0 0 0
"gehen" 0.256410256410256 0 0 0.16 0 0 0 0 1.19047619047619 0 0 0
"geht" 0 0.229357798165138 0 0.32 0 0 0 0 0 0 0 0
"gleich" 0.256410256410256 0.229357798165138 0 0 0 0 0 0 0 0.273972602739726 0 0
"gratulire" 0 0 0.5 0 0.75187969924812 0 0 0.72992700729927 0 0 0 0
"halten" 0 0 0 0 0 0.289017341040462 0.28169014084507 0 0 0.273972602739726 0 0
"hause" 0 0.458715596330275 0 0 0 0.289017341040462 0 0 0 0 0 0
"herzen" 0 0 0.5 0 0 0.289017341040462 0 0 0 0.273972602739726 0 0
"heut" 0 0 0 0 0 0 0.563380281690141 0 1.19047619047619 0 0 0
"höre" 0 0.229357798165138 0.5 0 0 0 0 0.72992700729927 0 0 0 0
"hört" 0 0 0 0 0 0 0 0 0 0 3.52941176470588 0
"ihren" 0 0 0 0 0 0.578034682080925 0 0.72992700729927 0 0 0 0
"jahre" 0 0.458715596330275 0 0 0 0 0 0 0 0.273972602739726 0 0
"kaum" 0 0 0 0.16 0 0.289017341040462 0 0 0 0.273972602739726 0 0
"keine" 0 0 0 0.32 0 0 0.28169014084507 0 0 0 0 0
"kommt" 0 0 0 0 0 0 0.28169014084507 0 1.19047619047619 0.273972602739726 0 0
"laß" 0.256410256410256 0 0 0.16 0 0 0 0 0 0.273972602739726 0 0
"lassen" 0.256410256410256 0 0 0.32 0 0 0 0 0 0 0 0
"lieben" 0 0.458715596330275 0 0.16 0 0 0 0 0 0 0 0
"lieber" 0 0.229357798165138 0 0.32 0 0 0 0 0 0 0 0
"liebt" 0 0.688073394495413 0 0 0 0 0 0 0 0 0 0
"mahnt" 0 0.229357798165138 0 0.16 0 0 0 0 0 0.273972602739726 0 0
"mann" 0 0.458715596330275 0 0 0 0 0 0 0 0.273972602739726 0 0
"meiner" 0 0 0 0.16 0 0 0.28169014084507 0 0 0 0 0.680272108843537
"meint" 0 0.458715596330275 0 0 0 0 0.28169014084507 0 0 0 0 0
"neuberg" 0.256410256410256 0 0 0 0 0 0.28169014084507 0 0 0.273972602739726 0 0
"prächtig" 0 0 0 0.32 0 0 0 0.72992700729927 0 0 0 0
"rede" 0 0 0 0 0 0.289017341040462 0 0 0 0.273972602739726 1.17647058823529 0
"reden" 0 0.229357798165138 0 0 0 0 0 0 0 0.547945205479452 0 0
"sagst" 0.256410256410256 0 0 0 0 0 0 0 0 0.547945205479452 0 0
"schmerz" 0 0 0 0.16 0 0.289017341040462 0.28169014084507 0 0 0 0 0
"stellung" 0 0 0 0 0 0.578034682080925 0.28169014084507 0 0 0 0 0
"tableaux" 0.256410256410256 0 0 0 0 0.289017341040462 0 0.72992700729927 0 0 0 0
"thun" 0 0 0 0.16 0 0.289017341040462 0.28169014084507 0 0 0 0 0
"urgroßmutter" 0.512820512820513 0 0 0 0 0 0.28169014084507 0 0 0 0 0
"vergessen" 0 0.229357798165138 0 0.16 0 0.289017341040462 0 0 0 0 0 0
"versteht" 0 0.688073394495413 0 0 0 0 0 0 0 0 0 0
"verstimmt" 0.256410256410256 0 0 0 0 0.289017341040462 0.28169014084507 0 0 0 0 0
"viele" 0 0.229357798165138 0 0 0 0.289017341040462 0 0 0 0.273972602739726 0 0
"vielleicht" 0 0.229357798165138 0 0.16 0 0 0.28169014084507 0 0 0 0 0
"wär" 0 0 0 0.32 0 0.289017341040462 0 0 0 0 0 0
"welcher" 0.256410256410256 0 0 0 0 0.578034682080925 0 0 0 0 0 0
"welt" 0 0 0 0 0 0.289017341040462 0 0.72992700729927 0 0.273972602739726 0 0
"wenig" 0 0 0.5 0 0 0 0.28169014084507 0 0 0 0 0.680272108843537
"willst" 0 0 0 0.32 0 0 0 0 0 0 0 0.680272108843537
"wissen" 0.256410256410256 0 0 0 0 0.578034682080925 0 0 0 0 0 0
"zusammen" 0 0 0.5 0 0.75187969924812 0 0 0 0 0.273972602739726 0 0
"abbitte" 0 0.229357798165138 0 0.16 0 0 0 0 0 0 0 0
"ach" 0 0 0 0.16 0 0 0 0 0 0.273972602739726 0 0
"acht" 0.256410256410256 0 0.5 0 0 0 0 0 0 0 0 0
"adieu" 0.256410256410256 0 0 0.16 0 0 0 0 0 0 0 0
"ah" 0.256410256410256 0.229357798165138 0 0 0 0 0 0 0 0 0 0
"ahnung" 0.256410256410256 0 0 0.16 0 0 0 0 0 0 0 0
"allem" 0.256410256410256 0 0 0.16 0 0 0 0 0 0 0 0
"alten" 0 0 0 0.16 0 0.289017341040462 0 0 0 0 0 0
"arrangiren" 0.256410256410256 0 0.5 0 0 0 0 0 0 0 0 0
"aufrichtigkeit" 0 0 0 0 0 0.289017341040462 0 0 0 0 0 0.680272108843537
"augenblick" 0 0 0 0.16 0 0.289017341040462 0 0 0 0 0 0
"behaupte" 0 0 0 0 0 0 0 0 0 0.273972602739726 1.17647058823529 0
"bevor" 0 0 0 0 0 0 0 0 1.19047619047619 0 0 0.680272108843537
"bleibe" 0 0 0 0.32 0 0 0 0 0 0 0 0
"bloß" 0 0 0 0 0.75187969924812 0 0 0.72992700729927 0 0 0 0
"blumen" 0 0.229357798165138 0 0.16 0 0 0 0 0 0 0 0
"brauchen" 0 0 0 0 1.50375939849624 0 0 0 0 0 0 0
"charmant" 0.512820512820513 0 0 0 0 0 0 0 0 0 0 0
"dachte" 0 0 0 0.16 0 0 0 0 0 0.273972602739726 0 0
"dahin" 0 0 0 0.32 0 0 0 0 0 0 0 0
"dein" 0 0 0.5 0 0.75187969924812 0 0 0 0 0 0 0
"deiner" 0.256410256410256 0 0 0 0 0 0 0 0 0.273972602739726 0 0
"dieses" 0 0 0 0.32 0 0 0 0 0 0 0 0
"dritte" 0 0 0 0.16 0.75187969924812 0 0 0 0 0 0 0
"durch" 0 0.229357798165138 0 0 0 0 0.28169014084507 0 0 0 0 0
"edle" 0 0.229357798165138 0 0.16 0 0 0 0 0 0 0 0
"eines" 0 0 0 0.16 0 0 0 0 0 0.273972602739726 0 0
"eingekommen" 0.256410256410256 0 0.5 0 0 0 0 0 0 0 0 0
"einmal" 0 0 0 0 0 0 0.28169014084507 0 0 0.273972602739726 0 0
"einzige" 0 0 0.5 0.16 0 0 0 0 0 0 0 0
"entgegen" 0 0.229357798165138 0 0 0 0 0 0 1.19047619047619 0 0 0
"enttäuschung" 0 0 0 0.16 0 0 0.28169014084507 0 0 0 0 0
"erlaube" 0 0.229357798165138 0 0 0 0 0 0.72992700729927 0 0 0 0
"etwas" 0 0 0 0.16 0.75187969924812 0 0 0 0 0 0 0
"euer" 0 0 0 0 0 0 0 0 0 0 0 1.36054421768707
"fällt" 0 0.229357798165138 0 0 0 0 0 0 0 0 0 0.680272108843537
"falschheit" 0 0 0 0.16 0 0 0 0 1.19047619047619 0 0 0
"fenster" 0 0 0 0 0 0 0 0 1.19047619047619 0.273972602739726 0 0
"finde" 0 0 0 0.16 0 0 0 0 1.19047619047619 0 0 0
"fliegt" 0 0 0 0 0 0 0 0 1.19047619047619 0.273972602739726 0 0
"folgen" 0 0 0 0.16 0 0 0 0 1.19047619047619 0 0 0
"freund" 0 0 0 0.32 0 0 0 0 0 0 0 0
"freut" 0 0 0.5 0.16 0 0 0 0 0 0 0 0
"geben" 0 0 0 0 0 0 0 0 0 0.273972602739726 0 0.680272108843537
"gedanken" 0 0.229357798165138 0 0 0 0.289017341040462 0 0 0 0 0 0
"geglaubt" 0 0.229357798165138 0 0 0 0 0.28169014084507 0 0 0 0 0
"gehabt" 0.256410256410256 0.229357798165138 0 0 0 0 0 0 0 0 0 0
"gekommen" 0 0.229357798165138 0 0 0 0 0 0 0 0.273972602739726 0 0
"gemacht" 0 0 0 0.16 0 0.289017341040462 0 0 0 0 0 0
"genug" 0 0.229357798165138 0 0.16 0 0 0 0 0 0 0 0
"geschehen" 0.256410256410256 0 0 0 0.75187969924812 0 0 0 0 0 0 0
"gesellschaft" 0 0 0 0 0 0 0.28169014084507 0.72992700729927 0 0 0 0
"gesuch" 0 0 0 0 0 0 0.563380281690141 0 0 0 0 0
"gewesen" 0 0 0 0.16 0 0 0.28169014084507 0 0 0 0 0
"glaube" 0.256410256410256 0 0.5 0 0 0 0 0 0 0 0 0
"glauben" 0 0 0 0.16 0 0 0 0 0 0 0 0.680272108843537
"glaubst" 0 0 0 0 0.75187969924812 0 0 0 0 0.273972602739726 0 0
"glückliche" 0 0.229357798165138 0 0 0 0.289017341040462 0 0 0 0 0 0
"glückwünschen" 0 0 0 0 0 0.289017341040462 0 0 1.19047619047619 0 0 0
"gnade" 0 0 0 0 0 0 0 0 0 0 1.17647058823529 0.680272108843537
"gnädig" 0 0 0 0.16 0 0 0.28169014084507 0 0 0 0 0
"gott" 0 0.229357798165138 0 0 0 0 0 0 0 0 0 0.680272108843537
"großmüthig" 0 0 0 0 0 0.289017341040462 0 0 0 0 0 0.680272108843537
"gute" 0 0.229357798165138 0 0.16 0 0 0 0 0 0 0 0
"güte" 0 0 0 0.16 0 0.289017341040462 0 0 0 0 0 0
"hals" 0 0.229357798165138 0 0 0 0 0 0 0 0.273972602739726 0 0
"herzenskind" 0 0 0 0 0.75187969924812 0.289017341040462 0 0 0 0 0 0
"hierher" 0.256410256410256 0 0 0 0 0 0.28169014084507 0 0 0 0 0
"hilf" 0 0 0 0.16 0 0 0 0 0 0 0 0.680272108843537
"höchste" 0 0 0 0 0 0 0.563380281690141 0 0 0 0 0
"hoheit" 0 0 0 0 0 0 0.563380281690141 0 0 0 0 0
"ihm" 0 0.229357798165138 0.5 0 0 0 0 0 0 0 0 0
"ihrem" 0.256410256410256 0 0 0 0 0 0.28169014084507 0 0 0 0 0
"jede" 0 0.229357798165138 0 0 0 0 0 0 0 0.273972602739726 0 0
"jeder" 0 0 0 0.16 0 0 0 0 0 0.273972602739726 0 0
"jugend" 0 0 0 0 0 0 0.563380281690141 0 0 0 0 0
"kein" 0 0 0 0 0.75187969924812 0.289017341040462 0 0 0 0 0 0
"kindlich" 0 0 0 0 0 0 0.563380281690141 0 0 0 0 0
"klein" 0 0.229357798165138 0 0 0 0 0.28169014084507 0 0 0 0 0
"kommen" 0 0.229357798165138 0 0 0 0.289017341040462 0 0 0 0 0 0
"könnte" 0.256410256410256 0 0.5 0 0 0 0 0 0 0 0 0
"leben" 0 0 0.5 0.16 0 0 0 0 0 0 0 0
"lebendigen" 0 0 0 0.16 0 0 0 0 0 0.273972602739726 0 0
"lebewohl" 0 0 0 0 0 0.289017341040462 0.28169014084507 0 0 0 0 0
"leute" 0 0.229357798165138 0 0 0 0 0 0 0 0.273972602739726 0 0
"leuten" 0 0 0 0.32 0 0 0 0 0 0 0 0
"liebst" 0 0.229357798165138 0 0 0 0 0 0 0 0.273972602739726 0 0
"loben" 0 0.458715596330275 0 0 0 0 0 0 0 0 0 0
"macht" 0.256410256410256 0.229357798165138 0 0 0 0 0 0 0 0 0 0
"marien" 0 0 0 0 0 0 0.563380281690141 0 0 0 0 0
"marienkreuz" 0.256410256410256 0 0.5 0 0 0 0 0 0 0 0 0
"meinem" 0 0 0 0.32 0 0 0 0 0 0 0 0
"meinen" 0 0 0 0.16 0 0 0 0 1.19047619047619 0 0 0
"mensch" 0 0 0 0.16 0 0 0.28169014084507 0 0 0 0 0
"minuten" 0 0 0 0 0 0 0 0 1.19047619047619 0.273972602739726 0 0
"morgen" 0 0 0 0 1.50375939849624 0 0 0 0 0 0 0
"müssen" 0 0 0 0 0.75187969924812 0 0.28169014084507 0 0 0 0 0
"nachsicht" 0 0 0 0.16 0 0.289017341040462 0 0 0 0 0 0
"namenstag" 0 0 0.5 0 0 0 0 0 1.19047619047619 0 0 0
"nennen" 0 0.229357798165138 0 0 0 0 0 0 0 0.273972602739726 0 0
"neue" 0 0 0 0.16 0 0 0.28169014084507 0 0 0 0 0
"niemals" 0.256410256410256 0.229357798165138 0 0 0 0 0 0 0 0 0 0
"oberstkanzlerin" 0 0 0.5 0.16 0 0 0 0 0 0 0 0
"platen" 0.256410256410256 0 0 0 0 0.289017341040462 0 0 0 0 0 0
"rathhausen" 0 0 0 0 0.75187969924812 0 0 0 0 0 1.17647058823529 0
"rechten" 0 0.229357798165138 0 0 0 0 0 0 0 0.273972602739726 0 0
"sache" 0.256410256410256 0 0 0 0.75187969924812 0 0 0 0 0 0 0
"sag" 0.256410256410256 0.229357798165138 0 0 0 0 0 0 0 0 0 0
"sage" 0.256410256410256 0 0 0 0 0 0 0.72992700729927 0 0 0 0
"schicken" 0 0 0 0 0 0 0 0 1.19047619047619 0.273972602739726 0 0
"schlecht" 0 0 0 0.32 0 0 0 0 0 0 0 0
"schöne" 0 0 0 0 0 0 0 1.45985401459854 0 0 0 0
"sechs" 0 0 0 0 0 0 0 0 0 0.273972602739726 0 0.680272108843537
"seit" 0.256410256410256 0 0.5 0 0 0 0 0 0 0 0 0
"selten" 0 0 0 0 0 0.289017341040462 0.28169014084507 0 0 0 0 0
"sieht" 0 0 0.5 0 0 0 0 0 0 0 1.17647058823529 0
"sprich" 0.256410256410256 0 0 0 0 0 0 0 0 0 0 0.680272108843537
"spricht" 0 0 0.5 0 0 0 0 0 0 0 1.17647058823529 0
"sterbende" 0 0 0 0.16 0 0 0 0 0 0.273972602739726 0 0
"süße" 0 0 0 0 0 0 0.28169014084507 0 0 0.273972602739726 0 0
"tableau" 0 0 0 0.16 0.75187969924812 0 0 0 0 0 0 0
"tadeln" 0 0.458715596330275 0 0 0 0 0 0 0 0 0 0
"tagen" 0.256410256410256 0 0.5 0 0 0 0 0 0 0 0 0
"theuerste" 0.256410256410256 0 0 0.16 0 0 0 0 0 0 0 0
"überraschen" 0.256410256410256 0 0 0 0 0.289017341040462 0 0 0 0 0 0
"unmöglich" 0 0 0.5 0 0 0.289017341040462 0 0 0 0 0 0
"unser" 0 0 0 0 0 0 0 0.72992700729927 0 0 0 0.680272108843537
"unwahrheit" 0 0 0 0 0 0 0 0 0 0.547945205479452 0 0
"urtheil" 0 0 0 0.16 0 0 0 0.72992700729927 0 0 0 0
"verehrer" 0 0 0 0 0 0 0 0.72992700729927 0 0 0 0.680272108843537
"verläugnen" 0 0 0 0.16 0 0 0.28169014084507 0 0 0 0 0
"vernichten" 0 0 0 0 0 0 0.28169014084507 0 0 0 0 0.680272108843537
"versichere" 0 0 0 0.16 0 0 0 0 0 0.273972602739726 0 0
"verstanden" 0 0 0 0 0 0 0.28169014084507 0 0 0 0 0.680272108843537
"versteh" 0 0 0 0.32 0 0 0 0 0 0 0 0
"vier" 0 0 0 0.16 0 0 0 0 0 0 0 0.680272108843537
"vortrefflich" 0 0.229357798165138 0.5 0 0 0 0 0 0 0 0 0
"vortrefflichen" 0 0 0 0 0 0 0 0 0 0.547945205479452 0 0
"wahre" 0 0.229357798165138 0 0 0 0 0 0 0 0.273972602739726 0 0
"weil" 0 0 0 0 1.50375939849624 0 0 0 0 0 0 0
"weißt" 0 0.229357798165138 0 0 0 0.289017341040462 0 0 0 0 0 0
"weniger" 0 0 0 0.16 0 0 0 0.72992700729927 0 0 0 0
"wer" 0.256410256410256 0 0 0 0 0 0.28169014084507 0 0 0 0 0
"wirst" 0.256410256410256 0.229357798165138 0 0 0 0 0 0 0 0 0 0
"wo" 0 0 0.5 0 0 0 0 0 0 0.273972602739726 0 0
"wollten" 0 0 0 0 0 0.289017341040462 0 0.72992700729927 0 0 0 0
"wovon" 0 0 0.5 0 0 0 0 0 0 0 1.17647058823529 0
"zwar" 0.512820512820513 0 0 0 0 0 0 0 0 0 0 0
"zwei" 0 0 0 0.16 0 0 0 0 0 0 0 0.680272108843537
"abscheulich" 0 0 0 0 0 0.289017341040462 0 0 0 0 0 0
"abschied" 0 0 0 0 0 0 0.28169014084507 0 0 0 0 0
"absicht" 0 0 0 0 0 0 0.28169014084507 0 0 0 0 0
"achtung" 0 0 0 0 0 0 0.28169014084507 0 0 0 0 0
"adele" 0 0 0.5 0 0 0 0 0 0 0 0 0
"aergere" 0 0.229357798165138 0 0 0 0 0 0 0 0 0 0
"ahnen" 0 0 0 0 0 0 0.28169014084507 0 0 0 0 0
"aller" 0 0 0 0 0 0 0 0 0 0 1.17647058823529 0
"allergnädigste" 0 0 0 0 0 0 0.28169014084507 0 0 0 0 0
"allmächtig" 0 0 0 0 0 0.289017341040462 0 0 0 0 0 0
"allwissend" 0 0 0 0 0 0.289017341040462 0 0 0 0 0 0
"älter" 0 0 0 0 0.75187969924812 0 0 0 0 0 0 0
"anderem" 0.256410256410256 0 0 0 0 0 0 0 0 0 0 0
"anderes" 0 0 0 0 0 0.289017341040462 0 0 0 0 0 0
"andern" 0 0 0 0.16 0 0 0 0 0 0 0 0
"anfall" 0 0 0 0 0 0 0 0 0 0 0 0.680272108843537
"anfängt" 0 0 0 0 0 0 0 0 0 0 0 0.680272108843537
"angefangen" 0 0 0 0.16 0 0 0 0 0 0 0 0
"angenehme" 0 0 0 0 0 0 0 0 0 0.273972602739726 0 0
"angesehen" 0 0.229357798165138 0 0 0 0 0 0 0 0 0 0
"anstalt" 0 0 0 0 0 0 0.28169014084507 0 0 0 0 0
"arche" 0 0 0 0 0 0 0 0 0 0.273972602739726 0 0
"areopag" 0 0 0 0 0 0 0 0.72992700729927 0 0 0 0
"ärgere" 0 0.229357798165138 0 0 0 0 0 0 0 0 0 0
"ärgern" 0 0 0 0 0 0 0 0 0 0.273972602739726 0 0
"armes" 0.256410256410256 0 0 0 0 0 0 0 0 0 0 0
"armseligen" 0 0 0 0.16 0 0 0 0 0 0 0 0
"aufgeschüttet" 0 0.229357798165138 0 0 0 0 0 0 0 0 0 0
"aufgewacht" 0.256410256410256 0 0 0 0 0 0 0 0 0 0 0
"aufheben" 0 0 0 0.16 0 0 0 0 0 0 0 0
"aufmerksamkeit" 0 0 0 0 0 0 0 0 0 0 1.17647058823529 0
"aufrichtig" 0 0 0 0.16 0 0 0 0 0 0 0 0
"aufrichtige" 0 0 0 0 0 0 0 0 0 0 1.17647058823529 0
"auge" 0 0 0.5 0 0 0 0 0 0 0 0 0
"augen" 0 0 0.5 0 0 0 0 0 0 0 0 0
"augusten" 0 0 0.5 0 0 0 0 0 0 0 0 0
"ausbleibt" 0 0.229357798165138 0 0 0 0 0 0 0 0 0 0
"ausdrücken" 0 0 0 0.16 0 0 0 0 0 0 0 0
"ausführung" 0 0 0 0 0 0 0 0.72992700729927 0 0 0 0
"ausgelernte" 0 0.229357798165138 0 0 0 0 0 0 0 0 0 0
"ausgemacht" 0 0 0 0 0 0 0 0 0 0.273972602739726 0 0
"aussehen" 0.256410256410256 0 0 0 0 0 0 0 0 0 0 0
"auszudrücken" 0.256410256410256 0 0 0 0 0 0 0 0 0 0 0
"bedarf" 0 0 0.5 0 0 0 0 0 0 0 0 0
"bedeutet" 0 0 0 0 0 0 0 0 1.19047619047619 0 0 0
"bedingung" 0 0.229357798165138 0 0 0 0 0 0 0 0 0 0
"begeistert" 0 0 0 0 0 0.289017341040462 0 0 0 0 0 0
"begreifen" 0 0 0 0 0 0 0 0 0 0 0 0.680272108843537
"begreifst" 0 0 0 0 0 0 0 0 1.19047619047619 0 0 0
"behältst" 0 0 0 0.16 0 0 0 0 0 0 0 0
"beide" 0 0 0 0 0 0.289017341040462 0 0 0 0 0 0
"beides" 0 0 0 0 0.75187969924812 0 0 0 0 0 0 0
"bekannten" 0 0 0 0 0 0.289017341040462 0 0 0 0 0 0
"bekömmt" 0.256410256410256 0 0 0 0 0 0 0 0 0 0 0
"beneidenswerthen" 0 0 0 0 0 0 0.28169014084507 0 0 0 0 0
"bereit" 0 0 0 0 0 0 0 0 0 0 1.17647058823529 0
"berücksichtigung" 0 0 0 0 0 0 0.28169014084507 0 0 0 0 0
"beschämt" 0 0 0 0.16 0 0 0 0 0 0 0 0
"beschreibung" 0 0.229357798165138 0 0 0 0 0 0 0 0 0 0
"besonders" 0 0 0 0 0 0 0.28169014084507 0 0 0 0 0
"besser" 0 0 0 0 0 0 0.28169014084507 0 0 0 0 0
"beste" 0 0 0 0.16 0 0 0 0 0 0 0 0
"besten" 0 0 0 0 0 0 0 0 0 0 0 0.680272108843537
"bestens" 0 0.229357798165138 0 0 0 0 0 0 0 0 0 0
"bestes" 0 0 0 0 0 0 0 0 0 0 0 0.680272108843537
"besuch" 0 0 0 0.16 0 0 0 0 0 0 0 0
"besuche" 0 0.229357798165138 0 0 0 0 0 0 0 0 0 0
"besucher" 0 0 0 0 0 0.289017341040462 0 0 0 0 0 0
"besuchst" 0 0 0 0 0 0 0 0 0 0 0 0.680272108843537
"betraut" 0 0 0 0 0 0 0 0.72992700729927 0 0 0 0
"betrogenes" 0.256410256410256 0 0 0 0 0 0 0 0 0 0 0
"betty" 0 0 0.5 0 0 0 0 0 0 0 0 0
"beugen" 0 0 0 0 0 0 0 0.72992700729927 0 0 0 0
"beurtheile" 0 0 0 0 0 0 0 0 0 0.273972602739726 0 0
"beurtheilen" 0 0 0 0 0 0 0.28169014084507 0 0 0 0 0
"beurtheilte" 0 0 0 0 0 0.289017341040462 0 0 0 0 0 0
"bewegt" 0 0 0 0 0.75187969924812 0 0 0 0 0 0 0
"bewegung" 0 0 0 0 0.75187969924812 0 0 0 0 0 0 0
"beweis" 0.256410256410256 0 0 0 0 0 0 0 0 0 0 0
"bewerben" 0 0 0 0 0 0 0.28169014084507 0 0 0 0 0
"bewilligen" 0 0 0 0 0 0 0.28169014084507 0 0 0 0 0
"bewundere" 0.256410256410256 0 0 0 0 0 0 0 0 0 0 0
"bezahlen" 0 0 0 0.16 0 0 0 0 0 0 0 0
"bis" 0 0 0 0.16 0 0 0 0 0 0 0 0
"bitten" 0 0 0 0 0 0 0.28169014084507 0 0 0 0 0
"blanke" 0 0 0 0 0 0 0 0 0 0.273972602739726 0 0
"bleibt" 0 0 0.5 0 0 0 0 0 0 0 0 0
"blühen" 0 0 0 0 0 0 0 0 0 0.273972602739726 0 0
"boden" 0 0 0 0 0 0 0 0 1.19047619047619 0 0 0
"bösem" 0 0 0.5 0 0 0 0 0 0 0 0 0
"boshaften" 0 0 0.5 0 0 0 0 0 0 0 0 0
"bosheit" 0 0 0 0 0 0.289017341040462 0 0 0 0 0 0
"brechen" 0 0 0 0 0 0 0 0 0 0.273972602739726 0 0
"bringt" 0 0 0 0 0 0 0 0 0 0.273972602739726 0 0
"bruder" 0 0 0 0 0.75187969924812 0 0 0 0 0 0 0
"burgund" 0 0 0 0 0 0 0 0.72992700729927 0 0 0 0
"ce" 0.256410256410256 0 0 0 0 0 0 0 0 0 0 0
"costum" 0 0 0 0 0 0 0 0.72992700729927 0 0 0 0
"costume" 0 0 0 0 0.75187969924812 0 0 0 0 0 0 0
"dabei" 0 0 0 0 0 0 0 0 0 0.273972602739726 0 0
"dagegen" 0 0 0 0 0 0 0 0.72992700729927 0 0 0 0
"dame" 0 0 0 0 0 0.289017341040462 0 0 0 0 0 0
"dankbarkeit" 0 0 0 0 0 0 0.28169014084507 0 0 0 0 0
"danke" 0 0 0 0 0 0 0 0 0 0.273972602739726 0 0
"danken" 0 0.229357798165138 0 0 0 0 0 0 0 0 0 0
"daran" 0 0 0 0 0 0 0 0 0 0 1.17647058823529 0
"darauf" 0 0 0 0.16 0 0 0 0 0 0 0 0
"darzustellenden" 0 0 0 0 0 0 0 0.72992700729927 0 0 0 0
"davon" 0 0 0 0 0 0.289017341040462 0 0 0 0 0 0
"deinem" 0 0 0 0 0 0 0 0 0 0.273972602739726 0 0
"deinen" 0 0 0 0 0 0 0 0 0 0.273972602739726 0 0
"deines" 0.256410256410256 0 0 0 0 0 0 0 0 0 0 0
"deliciös" 0.256410256410256 0 0 0 0 0 0 0 0 0 0 0
"denke" 0 0 0.5 0 0 0 0 0 0 0 0 0
"denken" 0 0 0 0 0 0 0.28169014084507 0 0 0 0 0
"denkt" 0.256410256410256 0 0 0 0 0 0 0 0 0 0 0
"derlei" 0 0 0 0 0 0.289017341040462 0 0 0 0 0 0
"derselben" 0 0 0 0 0 0 0 0.72992700729927 0 0 0 0
"deßhalb" 0 0 0 0 0.75187969924812 0 0 0 0 0 0 0
"dienste" 0 0 0 0 0 0 0.28169014084507 0 0 0 0 0
"dieselben" 0 0 0 0 0 0 0 0 1.19047619047619 0 0 0
"diesen" 0 0 0 0 0 0 0.28169014084507 0 0 0 0 0
"dinge" 0 0 0 0 0 0.289017341040462 0 0 0 0 0 0
"diplomatischen" 0 0 0 0 0 0 0 0 0 0 0 0.680272108843537
"direktion" 0 0 0.5 0 0 0 0 0 0 0 0 0
"dort" 0 0 0 0.16 0 0 0 0 0 0 0 0
"draußen" 0 0 0 0 0 0 0 0 0 0.273972602739726 0 0
"dreißig" 0 0.229357798165138 0 0 0 0 0 0 0 0 0 0
"duftet" 0 0 0 0 0 0 0 0 0 0.273972602739726 0 0
"dulden" 0 0 0 0 0 0 0 0.72992700729927 0 0 0 0
"durchaus" 0.256410256410256 0 0 0 0 0 0 0 0 0 0 0
"dürfte" 0 0 0 0 0 0.289017341040462 0 0 0 0 0 0
"ebenfalls" 0 0 0 0 0 0 0 0 0 0 0 0.680272108843537
"edel" 0 0 0 0 0 0.289017341040462 0 0 0 0 0 0
"ehe" 0 0 0 0 0 0.289017341040462 0 0 0 0 0 0
"ehrenreich" 0 0 0 0 0 0 0 0.72992700729927 0 0 0 0
"ehrgeiz" 0 0 0 0 0.75187969924812 0 0 0 0 0 0 0
"ehrlich" 0 0 0 0.16 0 0 0 0 0 0 0 0
"eifersucht" 0.256410256410256 0 0 0 0 0 0 0 0 0 0 0
"eigenster" 0 0 0 0 0 0 0 0 0 0.273972602739726 0 0
"einander" 0 0 0 0 0 0 0 0 0 0.273972602739726 0 0
"einflusse" 0.256410256410256 0 0 0 0 0 0 0 0 0 0 0
"eingereicht" 0 0 0 0 0 0 0.28169014084507 0 0 0 0 0
"eingeschlagen" 0 0.229357798165138 0 0 0 0 0 0 0 0 0 0
"eingestanden" 0 0 0 0.16 0 0 0 0 0 0 0 0
"einreichung" 0.256410256410256 0 0 0 0 0 0 0 0 0 0 0
"einzelnen" 0 0 0 0.16 0 0 0 0 0 0 0 0
"einzigen" 0 0 0 0.16 0 0 0 0 0 0 0 0
"einzuschlafen" 0 0 0 0 0 0 0 0 0 0 0 0.680272108843537
"empfangen" 0.256410256410256 0 0 0 0 0 0 0 0 0 0 0
"endlich" 0 0.229357798165138 0 0 0 0 0 0 0 0 0 0
"engel" 0.256410256410256 0 0 0 0 0 0 0 0 0 0 0
"ent" 0 0 0 0 0 0.289017341040462 0 0 0 0 0 0
"entschuldigung" 0 0 0 0 0 0 0 0 0 0.273972602739726 0 0
"entwurf" 0 0 0 0 0 0 0 0.72992700729927 0 0 0 0
"entzücken" 0 0 0 0 0 0 0 0 0 0 1.17647058823529 0
"entzückend" 0 0 0 0 0 0.289017341040462 0 0 0 0 0 0
"entzückt" 0 0 0.5 0 0 0 0 0 0 0 0 0
"erfahrenen" 0 0 0 0 0 0 0 0.72992700729927 0 0 0 0
"erfährt" 0 0 0 0 0 0 0.28169014084507 0 0 0 0 0
"erfahrung" 0 0 0 0 0 0 0 0 0 0.273972602739726 0 0
"erfahrungen" 0 0 0 0 0 0 0.28169014084507 0 0 0 0 0
"erfolge" 0.256410256410256 0 0 0 0 0 0 0 0 0 0 0
"erfüllen" 0 0.229357798165138 0 0 0 0 0 0 0 0 0 0
"ergreifen" 0.256410256410256 0 0 0 0 0 0 0 0 0 0 0
"erhalten" 0.256410256410256 0 0 0 0 0 0 0 0 0 0 0
"erkenn" 0 0 0 0 0 0 0 0 0 0 1.17647058823529 0
"erklärt" 0 0 0 0 0 0 0.28169014084507 0 0 0 0 0
"erlauben" 0 0 0.5 0 0 0 0 0 0 0 0 0
"erlaubniß" 0 0.229357798165138 0 0 0 0 0 0 0 0 0 0
"erlaubst" 0 0 0 0 0 0 0 0 0 0.273972602739726 0 0
"ernst" 0 0 0 0.16 0 0 0 0 0 0 0 0
"errathen" 0 0.229357798165138 0 0 0 0 0 0 0 0 0 0
"erreichte" 0 0 0 0 0 0.289017341040462 0 0 0 0 0 0
"erschüttert" 0 0 0 0 0 0.289017341040462 0 0 0 0 0 0
"erwarte" 0 0.229357798165138 0 0 0 0 0 0 0 0 0 0
"erwarten" 0 0 0 0 0 0 0 0 0 0 1.17647058823529 0
"erweise" 0 0 0.5 0 0 0 0 0 0 0 0 0
"erweist" 0 0 0 0 0 0 0 0 0 0 0 0.680272108843537
"erwiesen" 0 0 0 0 0 0 0.28169014084507 0 0 0 0 0
"erzählt" 0 0 0 0 0 0.289017341040462 0 0 0 0 0 0
"fall" 0.256410256410256 0 0 0 0 0 0 0 0 0 0 0
"falsch" 0 0.229357798165138 0 0 0 0 0 0 0 0 0 0
"fand" 0.256410256410256 0 0 0 0 0 0 0 0 0 0 0
"fanden" 0 0 0 0 0 0.289017341040462 0 0 0 0 0 0
"fast" 0 0 0 0 0 0 0.28169014084507 0 0 0 0 0
"fehlen" 0.256410256410256 0 0 0 0 0 0 0 0 0 0 0
"fehlt" 0.256410256410256 0 0 0 0 0 0 0 0 0 0 0
"feig" 0 0 0 0.16 0 0 0 0 0 0 0 0
"feindin" 0.256410256410256 0 0 0 0 0 0 0 0 0 0 0
"festtage" 0 0 0 0 0 0.289017341040462 0 0 0 0 0 0
"finden" 0 0 0 0 0 0 0.28169014084507 0 0 0 0 0
"findest" 0 0 0 0 0 0 0 0 0 0 1.17647058823529 0
"fleucht" 0 0 0 0 0 0 0 0 0 0.273972602739726 0 0
"förmlichen" 0 0 0 0 0 0 0 0 0 0 0 0.680272108843537
"fortwährend" 0.256410256410256 0 0 0 0 0 0 0 0 0 0 0
"frage" 0 0 0 0 0 0 0 0 0 0 1.17647058823529 0
"fragen" 0 0 0 0 0.75187969924812 0 0 0 0 0 0 0
"fragt" 0 0 0.5 0 0 0 0 0 0 0 0 0
"frauenlogik" 0 0 0 0 0 0 0 0 0 0.273972602739726 0 0
"freiin" 0 0 0 0 0 0.289017341040462 0 0 0 0 0 0
"freu" 0 0 0 0 0 0 0 0 0 0.273972602739726 0 0
"freue" 0 0.229357798165138 0 0 0 0 0 0 0 0 0 0
"freuen" 0 0 0 0.16 0 0 0 0 0 0 0 0
"freunden" 0 0 0 0 0 0 0 0 0 0.273972602739726 0 0
"freundlichen" 0 0 0 0 0 0 0.28169014084507 0 0 0 0 0
"freundschaft" 0.256410256410256 0 0 0 0 0 0 0 0 0 0 0
"froh" 0 0.229357798165138 0 0 0 0 0 0 0 0 0 0
"führen" 0 0 0.5 0 0 0 0 0 0 0 0 0
"führt" 0 0 0 0 0 0 0.28169014084507 0 0 0 0 0
"fürchtest" 0 0 0 0.16 0 0 0 0 0 0 0 0
"fürchtet" 0.256410256410256 0 0 0 0 0 0 0 0 0 0 0
"fürsprecherin" 0 0 0.5 0 0 0 0 0 0 0 0 0
"gäbe" 0 0.229357798165138 0 0 0 0 0 0 0 0 0 0
"ganzem" 0 0 0 0 0 0 0 0 0 0.273972602739726 0 0
"gebe" 0 0.229357798165138 0 0 0 0 0 0 0 0 0 0
"gebunden" 0 0 0 0 0 0 0 0 0 0.273972602739726 0 0
"geburtstag" 0 0 0 0 0.75187969924812 0 0 0 0 0 0 0
"geburtstage" 0 0 0 0 0 0 0 0 0 0.273972602739726 0 0
"geduld" 0 0 0 0 0 0 0.28169014084507 0 0 0 0 0
"gefährlich" 0 0 0 0 0 0.289017341040462 0 0 0 0 0 0
"gefallen" 0 0 0 0 0 0 0.28169014084507 0 0 0 0 0
"geführten" 0.256410256410256 0 0 0 0 0 0 0 0 0 0 0
"gegentheils" 0 0 0 0 0 0 0 0 0 0.273972602739726 0 0
"gegner" 0 0 0 0 0 0 0 0 0 0 0 0.680272108843537
"geh" 0 0 0 0 0 0 0 0 0 0 0 0.680272108843537
"gehe" 0 0 0 0.16 0 0 0 0 0 0 0 0
"gehorche" 0 0 0 0 0 0 0 0 1.19047619047619 0 0 0
"gehört" 0 0 0 0 0 0 0 0 0 0 1.17647058823529 0
"geiste" 0 0 0 0.16 0 0 0 0 0 0 0 0
"geistreiche" 0 0 0 0 0 0 0.28169014084507 0 0 0 0 0
"gekostet" 0 0 0 0 0 0 0 0 0 0.273972602739726 0 0
"gelegenheit" 0 0 0 0 0 0 0.28169014084507 0 0 0 0 0
"geliebt" 0 0.229357798165138 0 0 0 0 0 0 0 0 0 0
"geliebter" 0 0.229357798165138 0 0 0 0 0 0 0 0 0 0
"geliebtes" 0 0 0 0 0 0 0 0 0 0.273972602739726 0 0
"gelten" 0 0 0 0 0 0 0 0 0 0.273972602739726 0 0
"gemüther" 0 0 0 0 0.75187969924812 0 0 0 0 0 0 0
"genießen" 0 0.229357798165138 0 0 0 0 0 0 0 0 0 0
"genossen" 0 0.229357798165138 0 0 0 0 0 0 0 0 0 0
"gerade" 0 0 0 0 0 0 0 0 0 0.273972602739726 0 0
"geringste" 0 0 0 0 0 0 0 0 0 0 0 0.680272108843537
"gerne" 0 0 0 0 0 0.289017341040462 0 0 0 0 0 0
"geruhen" 0 0 0 0 0 0 0.28169014084507 0 0 0 0 0
"geschickt" 0 0.229357798165138 0 0 0 0 0 0 0 0 0 0
"geschlossen" 0 0 0 0 0 0 0 0 0 0.273972602739726 0 0
"geschwätz" 0.256410256410256 0 0 0 0 0 0 0 0 0 0 0
"geschwindigkeit" 0 0 0 0 0.75187969924812 0 0 0 0 0 0 0
"gesehen" 0 0 0 0.16 0 0 0 0 0 0 0 0
"gesicht" 0 0 0.5 0 0 0 0 0 0 0 0 0
"gesichte" 0 0 0 0 0 0 0.28169014084507 0 0 0 0 0
"gesinnt" 0 0 0 0 0 0 0.28169014084507 0 0 0 0 0
"gesinnungen" 0 0 0 0 0 0 0.28169014084507 0 0 0 0 0
"gespräche" 0.256410256410256 0 0 0 0 0 0 0 0 0 0 0
"gestern" 0 0.229357798165138 0 0 0 0 0 0 0 0 0 0
"gesuchs" 0.256410256410256 0 0 0 0 0 0 0 0 0 0 0
"geträumt" 0.256410256410256 0 0 0 0 0 0 0 0 0 0 0
"gewachsen" 0 0 0 0 0 0 0 0 0 0 0 0.680272108843537
"gewährung" 0.256410256410256 0 0 0 0 0 0 0 0 0 0 0
"gewinnst" 0 0 0 0.16 0 0 0 0 0 0 0 0
"gewiß" 0 0 0 0 0 0 0.28169014084507 0 0 0 0 0
"gewissen" 0 0 0.5 0 0 0 0 0 0 0 0 0
"gewogen" 0.256410256410256 0 0 0 0 0 0 0 0 0 0 0
"gewonnen" 0 0.229357798165138 0 0 0 0 0 0 0 0 0 0
"gilt" 0 0 0 0 0 0.289017341040462 0 0 0 0 0 0
"glaubt" 0 0 0 0 0.75187969924812 0 0 0 0 0 0 0
"glücklichen" 0 0 0.5 0 0 0 0 0 0 0 0 0
"glücklicher" 0 0 0 0 0 0 0 0 0 0.273972602739726 0 0
"gnädigste" 0 0 0 0 0 0 0 0.72992700729927 0 0 0 0
"götter" 0 0 0.5 0 0 0 0 0 0 0 0 0
"gottes" 0 0 0 0 0 0.289017341040462 0 0 0 0 0 0
"graf" 0 0 0 0.16 0 0 0 0 0 0 0 0
"gräßliche" 0 0.229357798165138 0 0 0 0 0 0 0 0 0 0
"grenzenlos" 0 0 0 0.16 0 0 0 0 0 0 0 0
"groß" 0 0.229357798165138 0 0 0 0 0 0 0 0 0 0
"große" 0 0.229357798165138 0 0 0 0 0 0 0 0 0 0
"großen" 0 0 0 0 0 0 0.28169014084507 0 0 0 0 0
"grundgescheidt" 0 0.229357798165138 0 0 0 0 0 0 0 0 0 0
"gunst" 0 0 0.5 0 0 0 0 0 0 0 0 0
"gutes" 0.256410256410256 0 0 0 0 0 0 0 0 0 0 0
"haare" 0 0 0 0 0 0 0 0 0 0.273972602739726 0 0
"haha" 0 0 0 0 0 0 0 0 0 0.273972602739726 0 0
"hältst" 0 0.229357798165138 0 0 0 0 0 0 0 0 0 0
"härter" 0 0 0 0 0 0 0.28169014084507 0 0 0 0 0
"häßlich" 0 0 0 0 0.75187969924812 0 0 0 0 0 0 0
"hatt" 0 0 0 0.16 0 0 0 0 0 0 0 0
"hauses" 0.256410256410256 0 0 0 0 0 0 0 0 0 0 0
"hebe" 0 0 0 0 0 0 0 0 1.19047619047619 0 0 0
"hege" 0 0 0 0 0 0 0.28169014084507 0 0 0 0 0
"hegte" 0 0 0 0 0 0 0.28169014084507 0 0 0 0 0
"helfen" 0 0 0 0.16 0 0 0 0 0 0 0 0
"herrlich" 0 0 0.5 0 0 0 0 0 0 0 0 0
"herzlose" 0.256410256410256 0 0 0 0 0 0 0 0 0 0 0
"heuchlerin" 0 0.229357798165138 0 0 0 0 0 0 0 0 0 0
"hieher" 0 0 0.5 0 0 0 0 0 0 0 0 0
"hin" 0 0 0 0.16 0 0 0 0 0 0 0 0
"hinauszuwerfen" 0 0 0 0 0 0 0 0 0 0.273972602739726 0 0
"hinüberblickt" 0.256410256410256 0 0 0 0 0 0 0 0 0 0 0
"hoch" 0 0.229357798165138 0 0 0 0 0 0 0 0 0 0
"hochmüthig" 0.256410256410256 0 0 0 0 0 0 0 0 0 0 0
"hof" 0 0 0 0 0 0 0 0 1.19047619047619 0 0 0
"hoffen" 0 0 0 0 0 0 0.28169014084507 0 0 0 0 0
"honigwochen" 0 0 0 0 0 0 0 0 0 0.273972602739726 0 0
"horreurs" 0.256410256410256 0 0 0 0 0 0 0 0 0 0 0
"ihres" 0.256410256410256 0 0 0 0 0 0 0 0 0 0 0
"ihrige" 0 0 0 0 0 0.289017341040462 0 0 0 0 0 0
"intimste" 0.256410256410256 0 0 0 0 0 0 0 0 0 0 0
"intriguantin" 0 0 0 0 0 0.289017341040462 0 0 0 0 0 0
"irre" 0 0 0 0 0 0 0.28169014084507 0 0 0 0 0
"irrte" 0 0 0 0 0 0 0.28169014084507 0 0 0 0 0
"irrthum" 0 0 0 0 0 0 0.28169014084507 0 0 0 0 0
"jahren" 0.256410256410256 0 0 0 0 0 0 0 0 0 0 0
"jeden" 0 0 0 0 0.75187969924812 0 0 0 0 0 0 0
"jedes" 0 0 0 0 0 0 0 0 0 0 1.17647058823529 0
"jung" 0 0.229357798165138 0 0 0 0 0 0 0 0 0 0
"kamen" 0 0 0 0 0 0.289017341040462 0 0 0 0 0 0
"kammermädchen" 0 0.229357798165138 0 0 0 0 0 0 0 0 0 0
"kannte" 0 0 0 0.16 0 0 0 0 0 0 0 0
"kanntest" 0 0 0 0 0 0.289017341040462 0 0 0 0 0 0
"kaulbach" 0.256410256410256 0 0 0 0 0 0 0 0 0 0 0
"kennen" 0 0.229357798165138 0 0 0 0 0 0 0 0 0 0
"kennend" 0 0 0 0 0 0 0.28169014084507 0 0 0 0 0
"kindisch" 0 0 0 0 0 0 0 0 0 0.273972602739726 0 0
"kindliche" 0 0 0 0 0 0 0.28169014084507 0 0 0 0 0
"kleiner" 0 0 0 0 0 0 0 0 0 0 0 0.680272108843537
"kleinkinderbewahr" 0 0 0 0 0 0 0.28169014084507 0 0 0 0 0
"kleinsten" 0 0.229357798165138 0 0 0 0 0 0 0 0 0 0
"knie" 0 0 0 0 0 0 0 0.72992700729927 0 0 0 0
"knieend" 0 0.229357798165138 0 0 0 0 0 0 0 0 0 0
"kokette" 0.256410256410256 0 0 0 0 0 0 0 0 0 0 0
"komm" 0 0 0 0 0 0 0 0 0 0 0 0.680272108843537
"komme" 0.256410256410256 0 0 0 0 0 0 0 0 0 0 0
"kommst" 0 0 0 0.16 0 0 0 0 0 0 0 0
"konnte" 0 0 0 0.16 0 0 0 0 0 0 0 0
"könnten" 0 0 0 0.16 0 0 0 0 0 0 0 0
"könntest" 0 0 0 0.16 0 0 0 0 0 0 0 0
"körnchen" 0 0 0 0 0 0 0 0 0 0.273972602739726 0 0
"kosten" 0 0.229357798165138 0 0 0 0 0 0 0 0 0 0
"kostet" 0 0 0 0 0 0 0.28169014084507 0 0 0 0 0
"kränken" 0 0 0 0.16 0 0 0 0 0 0 0 0
"kreucht" 0 0 0 0 0 0 0 0 0 0.273972602739726 0 0
"kreuzes" 0 0 0 0 0 0 0.28169014084507 0 0 0 0 0
"kurzen" 0 0.229357798165138 0 0 0 0 0 0 0 0 0 0
"lächerlich" 0 0 0 0 0 0.289017341040462 0 0 0 0 0 0
"lage" 0 0 0 0 0 0 0.28169014084507 0 0 0 0 0
"lande" 0 0.229357798165138 0 0 0 0 0 0 0 0 0 0
"lange" 0 0.229357798165138 0 0 0 0 0 0 0 0 0 0
"langweilig" 0 0 0.5 0 0 0 0 0 0 0 0 0
"lebe" 0 0.229357798165138 0 0 0 0 0 0 0 0 0 0
"lebenden" 0 0 0 0 0.75187969924812 0 0 0 0 0 0 0
"leid" 0 0 0 0.16 0 0 0 0 0 0 0 0
"leistest" 0 0.229357798165138 0 0 0 0 0 0 0 0 0 0
"lerne" 0 0.229357798165138 0 0 0 0 0 0 0 0 0 0
"lese" 0 0 0 0 0 0 0.28169014084507 0 0 0 0 0
"letzten" 0 0 0 0 0 0 0 0 0 0.273972602739726 0 0
"lich" 0 0 0 0 0 0 0.28169014084507 0 0 0 0 0
"lieb" 0 0 0.5 0 0 0 0 0 0 0 0 0
"liebenswürdige" 0 0 0 0.16 0 0 0 0 0 0 0 0
"liegen" 0 0 0 0 0 0 0 0 1.19047619047619 0 0 0
"ließe" 0 0.229357798165138 0 0 0 0 0 0 0 0 0 0
"lippen" 0 0 0 0 0 0 0 0 0 0.273972602739726 0 0
"liste" 0 0 0.5 0 0 0 0 0 0 0 0 0
"lobe" 0 0 0 0 0 0 0 0 0 0.273972602739726 0 0
"lügen" 0 0 0 0.16 0 0 0 0 0 0 0 0
"lügnerin" 0 0.229357798165138 0 0 0 0 0 0 0 0 0 0
"macbeth" 0 0 0 0 0.75187969924812 0 0 0 0 0 0 0
"mache" 0 0 0.5 0 0 0 0 0 0 0 0 0
"machst" 0 0 0 0.16 0 0 0 0 0 0 0 0
"mag" 0 0 0 0.16 0 0 0 0 0 0 0 0
"mangelhaftigkeit" 0.256410256410256 0 0 0 0 0 0 0 0 0 0 0
"manne" 0 0 0 0.16 0 0 0 0 0 0 0 0
"männerweisheit" 0 0.229357798165138 0 0 0 0 0 0 0 0 0 0
"maria" 0 0 0 0 0 0 0 0.72992700729927 0 0 0 0
"maximilian" 0 0 0 0 0 0 0 0.72992700729927 0 0 0 0
"mechtildis" 0 0 0 0 0 0 0 0.72992700729927 0 0 0 0
"meinte" 0 0 0 0.16 0 0 0 0 0 0 0 0
"menschheit" 0 0 0 0 0 0 0 0 0 0.273972602739726 0 0
"merkwürdig" 0 0 0 0 0 0 0 0.72992700729927 0 0 0 0
"merkwürdige" 0 0 0 0 0 0 0 0.72992700729927 0 0 0 0
"mitgebracht" 0 0 0.5 0 0 0 0 0 0 0 0 0
"mitgenommen" 0 0 0 0 0 0 0 0 0 0.273972602739726 0 0
"mittheilen" 0.256410256410256 0 0 0 0 0 0 0 0 0 0 0
"mitwirken" 0 0 0 0.16 0 0 0 0 0 0 0 0
"mitzuwirken" 0 0 0.5 0 0 0 0 0 0 0 0 0
"mörderin" 0 0.229357798165138 0 0 0 0 0 0 0 0 0 0
"mußt" 0 0 0 0 0 0 0 0 0 0.273972602739726 0 0
"müßten" 0 0 0 0 0 0 0 0 0 0.273972602739726 0 0
"na" 0 0 0 0 0 0 0.28169014084507 0 0 0 0 0
"nachfolgerin" 0 0 0 0 0 0.289017341040462 0 0 0 0 0 0
"nächsten" 0 0 0 0 0 0 0 0 0 0.273972602739726 0 0
"nähe" 0 0 0 0 0 0 0 0 0 0 0 0.680272108843537
"nämlich" 0 0 0 0 0 0.289017341040462 0 0 0 0 0 0
"narren" 0.256410256410256 0 0 0 0 0 0 0 0 0 0 0
"natürlich" 0 0 0 0.16 0 0 0 0 0 0 0 0
"nehmen" 0 0 0 0.16 0 0 0 0 0 0 0 0
"nennt" 0 0 0 0 0 0.289017341040462 0 0 0 0 0 0
"neuen" 0 0 0 0 0 0 0.28169014084507 0 0 0 0 0
"neugieriges" 0 0 0.5 0 0 0 0 0 0 0 0 0
"neunzehn" 0 0.229357798165138 0 0 0 0 0 0 0 0 0 0
"nie" 0 0 0 0.16 0 0 0 0 0 0 0 0
"nieder" 0 0 0 0.16 0 0 0 0 0 0 0 0
"niemandem" 0 0.229357798165138 0 0 0 0 0 0 0 0 0 0
"nimm" 0.256410256410256 0 0 0 0 0 0 0 0 0 0 0
"nimmermehr" 0.256410256410256 0 0 0 0 0 0 0 0 0 0 0
"noä" 0 0 0 0 0 0 0 0 0 0.273972602739726 0 0
"nöthig" 0 0 0 0.16 0 0 0 0 0 0 0 0
"nützlich" 0 0 0 0 0 0 0.28169014084507 0 0 0 0 0
"oben" 0 0 0 0 0 0 0 0 0 0.273972602739726 0 0
"oder" 0.256410256410256 0 0 0 0 0 0 0 0 0 0 0
"oft" 0 0 0 0 0 0 0.28169014084507 0 0 0 0 0
"oh" 0 0 0 0 0 0 0 0.72992700729927 0 0 0 0
"ohr" 0 0 0.5 0 0 0 0 0 0 0 0 0
"opfere" 0 0 0.5 0 0 0 0 0 0 0 0 0
"orden" 0 0 0 0 0 0 0.28169014084507 0 0 0 0 0
"partei" 0.256410256410256 0 0 0 0 0 0 0 0 0 0 0
"perrückenmacher" 0 0 0 0 0 0 0 0 0 0.273972602739726 0 0
"personen" 0.256410256410256 0 0 0 0 0 0 0 0 0 0 0
"persönlich" 0.256410256410256 0 0 0 0 0 0 0 0 0 0 0
"petitioniren" 0.256410256410256 0 0 0 0 0 0 0 0 0 0 0
"placire" 0 0.229357798165138 0 0 0 0 0 0 0 0 0 0
"prächtigen" 0 0.229357798165138 0 0 0 0 0 0 0 0 0 0
"prächtiger" 0 0 0 0 0 0 0 0 0 0.273972602739726 0 0
"prinzessin" 0 0 0 0 0 0 0 0.72992700729927 0 0 0 0
"ränken" 0 0 0 0 0 0 0 0 0 0 0 0.680272108843537
"räuberin" 0 0.229357798165138 0 0 0 0 0 0 0 0 0 0
"reflectiren" 0 0 0 0 0.75187969924812 0 0 0 0 0 0 0
"regenschirm" 0 0 0 0 0 0 0 0 0 0.273972602739726 0 0
"regisseur" 0 0 0 0 0.75187969924812 0 0 0 0 0 0 0
"reihe" 0 0 0 0 0 0 0 0 1.19047619047619 0 0 0
"reise" 0 0 0 0 0 0.289017341040462 0 0 0 0 0 0
"reizende" 0 0 0 0 0 0 0.28169014084507 0 0 0 0 0
"reizenden" 0 0 0 0 0 0 0 0.72992700729927 0 0 0 0
"rolle" 0 0 0 0.16 0 0 0 0 0 0 0 0
"ruf" 0 0 0.5 0 0 0 0 0 0 0 0 0
"ruhig" 0 0.229357798165138 0 0 0 0 0 0 0 0 0 0
"sagten" 0 0 0 0 0 0 0.28169014084507 0 0 0 0 0
"sah" 0 0 0 0 0 0 0 0 0 0.273972602739726 0 0
"sand" 0 0.229357798165138 0 0 0 0 0 0 0 0 0 0
"schätze" 0 0 0 0.16 0 0 0 0 0 0 0 0
"schauerlich" 0.256410256410256 0 0 0 0 0 0 0 0 0 0 0
"scheffel" 0 0 0 0 0 0 0 0 0 0.273972602739726 0 0
"scheint" 0 0 0 0.16 0 0 0 0 0 0 0 0
"schicksal" 0 0 0.5 0 0 0 0 0 0 0 0 0
"schicksalsmächte" 0 0 0 0 0 0 0 0 0 0.273972602739726 0 0
"schlägt" 0 0 0 0 0 0 0 0 0 0.273972602739726 0 0
"schlechter" 0 0.229357798165138 0 0 0 0 0 0 0 0 0 0
"schmeichelei" 0 0 0 0 0 0 0 0 0 0.273972602739726 0 0
"schmeicheln" 0 0.229357798165138 0 0 0 0 0 0 0 0 0 0
"schön" 0 0 0 0.16 0 0 0 0 0 0 0 0
"schöneres" 0 0 0 0.16 0 0 0 0 0 0 0 0
"schönste" 0 0 0 0 0 0 0 0.72992700729927 0 0 0 0
"schönstens" 0 0.229357798165138 0 0 0 0 0 0 0 0 0 0
"schrecklich" 0 0 0 0 0 0.289017341040462 0 0 0 0 0 0
"schuld" 0 0 0 0 0 0.289017341040462 0 0 0 0 0 0
"schuldig" 0.256410256410256 0 0 0 0 0 0 0 0 0 0 0
"schweige" 0 0 0 0 0 0.289017341040462 0 0 0 0 0 0
"schwerem" 0 0 0.5 0 0 0 0 0 0 0 0 0
"schwöre" 0 0 0 0 0 0 0 0 1.19047619047619 0 0 0
"sechsten" 0 0 0 0 0 0 0 0 0 0.273972602739726 0 0
"sechzig" 0 0 0 0 0 0 0 0 0 0.273972602739726 0 0
"segensreich" 0 0 0 0 0 0.289017341040462 0 0 0 0 0 0
"sei" 0 0 0 0 0 0.289017341040462 0 0 0 0 0 0
"seien" 0 0 0 0 0 0 0 0 0 0 0 0.680272108843537
"seiner" 0 0 0 0 0 0 0 0 0 0 1.17647058823529 0
"seinerzeit" 0 0 0 0 0 0 0.28169014084507 0 0 0 0 0
"seitdem" 0 0 0 0 0 0 0 0 0 0.273972602739726 0 0
"seltener" 0.256410256410256 0 0 0 0 0 0 0 0 0 0 0
"setzen" 0 0 0 0.16 0 0 0 0 0 0 0 0
"setzt" 0 0 0 0 0.75187969924812 0 0 0 0 0 0 0
"siebente" 0 0 0 0 0 0 0 0 0 0.273972602739726 0 0
"siebenten" 0 0.229357798165138 0 0 0 0 0 0 0 0 0 0
"sieh" 0 0 0 0 0 0 0 0 0 0 0 0.680272108843537
"siehe" 0 0 0 0 0 0 0 0 1.19047619047619 0 0 0
"siehst" 0 0.229357798165138 0 0 0 0 0 0 0 0 0 0
"signiren" 0 0 0 0 0 0 0.28169014084507 0 0 0 0 0
"sogar" 0 0 0 0 0 0.289017341040462 0 0 0 0 0 0
"sogleich" 0.256410256410256 0 0 0 0 0 0 0 0 0 0 0
"sollte" 0.256410256410256 0 0 0 0 0 0 0 0 0 0 0
"sollten" 0 0.229357798165138 0 0 0 0 0 0 0 0 0 0
"solltest" 0.256410256410256 0 0 0 0 0 0 0 0 0 0 0
"sondern" 0 0 0.5 0 0 0 0 0 0 0 0 0
"sonst" 0 0.229357798165138 0 0 0 0 0 0 0 0 0 0
"sont" 0.256410256410256 0 0 0 0 0 0 0 0 0 0 0
"speise" 0 0 0 0 0.75187969924812 0 0 0 0 0 0 0
"spitze" 0 0 0 0 0 0 0 0 0 0.273972602739726 0 0
"spötter" 0 0.229357798165138 0 0 0 0 0 0 0 0 0 0
"sprachen" 0 0 0 0 0 0.289017341040462 0 0 0 0 0 0
"sprechen" 0 0 0 0 0 0.289017341040462 0 0 0 0 0 0
"stammbaume" 0.256410256410256 0 0 0 0 0 0 0 0 0 0 0
"stande" 0 0 0 0 0 0.289017341040462 0 0 0 0 0 0
"stören" 0.256410256410256 0 0 0 0 0 0 0 0 0 0 0
"strafen" 0 0 0 0 0 0 0.28169014084507 0 0 0 0 0
"strauß" 0 0 0 0 0 0 0 0 0 0.273972602739726 0 0
"strauße" 0 0 0 0 0 0 0 0 0 0.273972602739726 0 0
"strenge" 0 0 0 0 0.75187969924812 0 0 0 0 0 0 0
"suchen" 0 0 0 0 0 0 0 0 0 0 0 0.680272108843537
"sucht" 0 0.229357798165138 0 0 0 0 0 0 0 0 0 0
"süffisanter" 0 0 0 0 0 0 0.28169014084507 0 0 0 0 0
"sympathie" 0.256410256410256 0 0 0 0 0 0 0 0 0 0 0
"tage" 0.256410256410256 0 0 0 0 0 0 0 0 0 0 0
"tagesordnung" 0 0 0 0 0.75187969924812 0 0 0 0 0 0 0
"täglich" 0 0.229357798165138 0 0 0 0 0 0 0 0 0 0
"tausch" 0 0 0 0.16 0 0 0 0 0 0 0 0
"tempel" 0 0 0 0 0 0.289017341040462 0 0 0 0 0 0
"thal" 0 0 0 0 0 0.289017341040462 0 0 0 0 0 0
"thatsache" 0 0 0 0 0 0 0 0 0 0.273972602739726 0 0
"theil" 0 0 0 0 0 0.289017341040462 0 0 0 0 0 0
"theilen" 0 0 0 0 0 0.289017341040462 0 0 0 0 0 0
"theuerdank" 0 0 0 0 0 0 0 0.72992700729927 0 0 0 0
"theure" 0 0 0 0.16 0 0 0 0 0 0 0 0
"thier" 0 0 0 0 0 0 0 0 0 0.273972602739726 0 0
"thust" 0 0 0 0 0 0.289017341040462 0 0 0 0 0 0
"tödtet" 0 0 0 0 0 0 0 0 0 0.273972602739726 0 0
"topp" 0 0.229357798165138 0 0 0 0 0 0 0 0 0 0
"trägt" 0 0 0 0 0 0.289017341040462 0 0 0 0 0 0
"treffen" 0 0 0 0 0 0.289017341040462 0 0 0 0 0 0
"trete" 0 0 0 0 0 0 0 0 1.19047619047619 0 0 0
"tüchtige" 0 0 0 0.16 0 0 0 0 0 0 0 0
"tür" 0 0 0 0 0 0 0.28169014084507 0 0 0 0 0
"übernehmen" 0 0 0 0 0.75187969924812 0 0 0 0 0 0 0
"übrig" 0 0 0 0.16 0 0 0 0 0 0 0 0
"ueberdieß" 0 0 0.5 0 0 0 0 0 0 0 0 0
"uebernimmt" 0 0 0.5 0 0 0 0 0 0 0 0 0
"uebrigen" 0 0 0 0 0 0 0 0 0 0 0 0.680272108843537
"uebrigens" 0 0 0 0 0 0 0.28169014084507 0 0 0 0 0
"uhr" 0 0 0 0 0 0 0 0 0 0.273972602739726 0 0
"umhergestreut" 0 0 0 0 0 0 0 0 1.19047619047619 0 0 0
"umständlich" 0 0 0 0 0.75187969924812 0 0 0 0 0 0 0
"umständlichsten" 0 0 0 0 0 0 0 0 0 0 1.17647058823529 0
"unausstehlich" 0 0 0 0 0 0 0.28169014084507 0 0 0 0 0
"unbeliebt" 0 0 0 0 0 0 0.28169014084507 0 0 0 0 0
"unbeschreiblich" 0 0 0 0 0 0.289017341040462 0 0 0 0 0 0
"unentbehrlich" 0.256410256410256 0 0 0 0 0 0 0 0 0 0 0
"unerhörter" 0.256410256410256 0 0 0 0 0 0 0 0 0 0 0
"unersetzlich" 0 0 0 0 0 0.289017341040462 0 0 0 0 0 0
"unglaublich" 0 0 0 0 0.75187969924812 0 0 0 0 0 0 0
"unglück" 0 0 0 0.16 0 0 0 0 0 0 0 0
"unruhe" 0.256410256410256 0 0 0 0 0 0 0 0 0 0 0
"unsäglichen" 0 0 0 0.16 0 0 0 0 0 0 0 0
"unseren" 0 0 0 0.16 0 0 0 0 0 0 0 0
"unserer" 0 0 0 0 0 0.289017341040462 0 0 0 0 0 0
"unternimmt" 0.256410256410256 0 0 0 0 0 0 0 0 0 0 0
"unterstützen" 0.256410256410256 0 0 0 0 0 0 0 0 0 0 0
"unverdauliche" 0 0 0 0 0.75187969924812 0 0 0 0 0 0 0
"unverschämt" 0 0 0 0 0 0.289017341040462 0 0 0 0 0 0
"unwahrheiten" 0 0 0 0 0 0 0 0 0 0.273972602739726 0 0
"veilchenstrauß" 0 0 0 0 0 0 0 0 1.19047619047619 0 0 0
"veilchensträuße" 0 0 0 0 0 0 0 0 0 0.273972602739726 0 0
"verachte" 0 0 0 0.16 0 0 0 0 0 0 0 0
"verächtlich" 0 0.229357798165138 0 0 0 0 0 0 0 0 0 0
"verdammen" 0 0 0 0 0 0 0 0 0 0.273972602739726 0 0
"verdanke" 0 0 0 0.16 0 0 0 0 0 0 0 0
"verdrängen" 0 0 0 0 0 0.289017341040462 0 0 0 0 0 0
"verehrte" 0 0 0 0.16 0 0 0 0 0 0 0 0
"verehrten" 0 0 0 0 0 0.289017341040462 0 0 0 0 0 0
"verfeinden" 0 0 0.5 0 0 0 0 0 0 0 0 0
"verheiratete" 0 0 0.5 0 0 0 0 0 0 0 0 0
"verlassen" 0 0 0 0.16 0 0 0 0 0 0 0 0
"verleihung" 0 0 0 0 0 0 0.28169014084507 0 0 0 0 0
"verleumden" 0 0 0 0 0 0.289017341040462 0 0 0 0 0 0
"verliere" 0 0 0 0.16 0 0 0 0 0 0 0 0
"verloren" 0.256410256410256 0 0 0 0 0 0 0 0 0 0 0
"vermuthlich" 0 0 0 0 0 0.289017341040462 0 0 0 0 0 0
"verpflichtet" 0 0 0 0 0 0 0 0 0 0 0 0.680272108843537
"verrückt" 0 0 0 0 0 0.289017341040462 0 0 0 0 0 0
"verschlingen" 0 0 0 0 0 0 0 0 0 0 1.17647058823529 0
"verschmähen" 0 0 0 0 0 0 0 0 0 0 0 0.680272108843537
"verschmerzen" 0 0 0 0.16 0 0 0 0 0 0 0 0
"verschone" 0 0 0 0 0 0.289017341040462 0 0 0 0 0 0
"versichern" 0 0 0 0 0 0 0.28169014084507 0 0 0 0 0
"verspreche" 0.256410256410256 0 0 0 0 0 0 0 0 0 0 0
"verstehe" 0 0 0 0 0 0 0 0 0 0.273972602739726 0 0
"vertrag" 0 0 0 0 0 0 0 0 0 0.273972602739726 0 0
"verwandt" 0 0 0 0 0 0 0 0.72992700729927 0 0 0 0
"verzeihen" 0 0 0 0 0 0.289017341040462 0 0 0 0 0 0
"verzweifeln" 0 0 0.5 0 0 0 0 0 0 0 0 0
"viel" 0 0.229357798165138 0 0 0 0 0 0 0 0 0 0
"vogelscheuche" 0 0 0 0 0 0.289017341040462 0 0 0 0 0 0
"vom" 0 0 0 0 0 0.289017341040462 0 0 0 0 0 0
"vorgekommen" 0 0 0 0.16 0 0 0 0 0 0 0 0
"vorzulegen" 0 0 0 0 0 0 0 0.72992700729927 0 0 0 0
"wagte" 0 0 0 0 0 0 0 0 1.19047619047619 0 0 0
"wahl" 0 0 0 0.16 0 0 0 0 0 0 0 0
"wahres" 0 0 0 0.16 0 0 0 0 0 0 0 0
"wälder" 0 0 0 0 0 0 0 0 0 0.273972602739726 0 0
"waren" 0 0 0 0 0.75187969924812 0 0 0 0 0 0 0
"warst" 0 0 0 0.16 0 0 0 0 0 0 0 0
"wärst" 0 0.229357798165138 0 0 0 0 0 0 0 0 0 0
"warte" 0 0 0 0.16 0 0 0 0 0 0 0 0
"wäscherin" 0 0 0 0 0 0.289017341040462 0 0 0 0 0 0
"wegen" 0 0 0 0.16 0 0 0 0 0 0 0 0
"weh" 0 0 0 0.16 0 0 0 0 0 0 0 0
"weine" 0 0 0 0 0 0.289017341040462 0 0 0 0 0 0
"welch" 0 0 0 0.16 0 0 0 0 0 0 0 0
"welchem" 0.256410256410256 0 0 0 0 0 0 0 0 0 0 0
"wenigstens" 0 0 0 0.16 0 0 0 0 0 0 0 0
"werde" 0 0 0 0 0.75187969924812 0 0 0 0 0 0 0
"wetter" 0 0 0 0 0 0 0 0 0 0.273972602739726 0 0
"wichtige" 0.256410256410256 0 0 0 0 0 0 0 0 0 0 0
"widerwärtig" 0 0 0 0 0 0.289017341040462 0 0 0 0 0 0
"willen" 0 0 0 0 0 0.289017341040462 0 0 0 0 0 0
"willkommen" 0 0 0.5 0 0 0 0 0 0 0 0 0
"willkommene" 0 0 0 0 0 0 0.28169014084507 0 0 0 0 0
"wink" 0 0 0 0 0 0 0 0 0 0.273972602739726 0 0
"wirken" 0 0 0 0 0 0.289017341040462 0 0 0 0 0 0
"wirkli" 0 0 0 0.16 0 0 0 0 0 0 0 0
"wirkliche" 0 0 0 0 0 0 0 0.72992700729927 0 0 0 0
"wirklichkeit" 0 0 0 0.16 0 0 0 0 0 0 0 0
"wohlan" 0 0 0.5 0 0 0 0 0 0 0 0 0
"wohlwollens" 0.256410256410256 0 0 0 0 0 0 0 0 0 0 0
"wollen" 0 0 0 0.16 0 0 0 0 0 0 0 0
"wollte" 0 0 0 0 0 0 0 0 0 0 1.17647058823529 0
"worin" 0 0 0 0 0 0.289017341040462 0 0 0 0 0 0
"wort" 0 0 0 0 0 0 0.28169014084507 0 0 0 0 0
"worte" 0 0 0 0 0 0 0 0 0 0 1.17647058823529 0
"worüber" 0 0 0 0 0 0 0 0 0 0 1.17647058823529 0
"wunder" 0 0 0 0 0.75187969924812 0 0 0 0 0 0 0
"wunsch" 0 0.229357798165138 0 0 0 0 0 0 0 0 0 0
"wünsche" 0 0 0 0 0 0.289017341040462 0 0 0 0 0 0
"wurde" 0 0 0 0 0 0.289017341040462 0 0 0 0 0 0
"wüßten" 0 0 0 0 0 0 0.28169014084507 0 0 0 0 0
"zeichnet" 0 0 0 0 0.75187969924812 0 0 0 0 0 0 0
"zeichnungen" 0 0 0 0 0 0 0 0.72992700729927 0 0 0 0
"zeit" 0 0.229357798165138 0 0 0 0 0 0 0 0 0 0
"zieht" 0.256410256410256 0 0 0 0 0 0 0 0 0 0 0
"ziel" 0 0 0 0 0 0.289017341040462 0 0 0 0 0 0
"zimmer" 0 0 0 0 0 0 0 0 0 0.273972602739726 0 0
"zudachten" 0 0 0 0.16 0 0 0 0 0 0 0 0
"zuerst" 0 0.229357798165138 0 0 0 0 0 0 0 0 0 0
"zufalls" 0 0 0.5 0 0 0 0 0 0 0 0 0
"zur" 0 0 0 0 0.75187969924812 0 0 0 0 0 0 0
"zusehern" 0 0 0 0 0 0.289017341040462 0 0 0 0 0 0
"zuzubringen" 0 0 0 0 0 0 0 0 0 0.273972602739726 0 0
"zwanzig" 0 0 0 0 0 0 0 0 0 0.273972602739726 0 0
"zwanzigsten" 0 0.229357798165138 0 0 0 0 0 0 0 0 0 0
"zweifeln" 0 0 0 0 0 0.289017341040462 0 0 0 0 0 0
